  575 584
  623 525
  623 501
  619 556
  547 593
  556 586
  618 527
  626 495
  615 562
  553 602
  575 584
  623 525
  623 501
  578 463
  563 459
  553 464
  547 475
  546 490
  554 504
  566 527
  617 583
  621 587
  609 534
  538 481
  576 505
  620 569
  625 583
  605 524
  546 464
  586 501
  623 555
  619 576
  575 515
  521 455
  594 493
  618 558
  622 575
  567 523
  562 451
  620 477
  623 547
  617 578
  544 548
  558 484
  621 488
  626 539
  615 579
  546 550
  564 495
  621 495
  628 535
  608 571
  548 543
  562 489
  615 497
  629 552
  617 575
  563 535
  562 491
  618 496
  625 552
  620 585
  551 536
  553 482
  618 497
  624 555
  611 589
  538 574
  578 501
  616 511
  626 573
  597 599
  531 574
  591 514
  625 497
  625 563
  599 596
  547 580
  595 518
  622 503
  627 578
  604 597
  546 572
  596 513
  626 518
  623 592
  591 600
  550 576
  607 510
  628 518
  625 593
  581 608
  561 584
  606 526
  628 501
  627 583
  596 606
  561 589
  600 537
  620 506
  620 571
  587 602
  522 597
  560 536
  617 495
  623 554
  619 600
  576 592
  527 520
  588 456
  620 540
  621 591
  596 591
  529 534
  579 466
  621 522
  625 589
  599 587
  546 519
  592 460
  621 505
  620 572
  570 591
  548 546
  610 487
  626 498
  621 560
  569 586
  559 544
  621 469
  620 487
  611 546
  526 577
  562 535
  614 460
  619 480
  602 544
  548 576
  593 537
  620 462
  623 467
  587 543
  534 578
  600 552
  624 489
  624 485
  575 537
  539 579
  606 553
  623 501
  623 492
  570 529
  547 569
  597 558
  623 498
  628 490
  591 543
  548 575
  595 550
  625 500
  628 490
  593 543
  524 583
  595 541
  625 481
  623 504
  560 567
  555 593
  609 569
  623 510
  623 502
  544 566
  558 599
  617 578
  622 513
  614 504
  555 568
  573 594
  622 579
  624 519
  621 502
  557 577
  573 601
  624 579
  622 522
  618 515
  553 593
  578 601
  624 576
  627 506
  615 516
  556 592
  579 606
  623 586
  628 525
  619 499
  569 586
  574 608
  619 589
  621 532
  614 505
  539 573
  537 601
  608 593
  621 535
  623 493
  582 544
  525 598
  586 596
  619 529
  620 456
  592 528
  528 591
  579 590
  624 534
  622 467
  599 512
  547 588
  589 590
  619 527
  624 461
  575 506
  546 574
  607 589
  623 537
  620 482
  567 512
  560 574
  621 581
  620 524
  605 464
  523 491
  563 551
  614 577
  622 522
  599 456
  548 485
  597 546
  622 577
  624 542
  593 466
  535 462
  593 538
  623 578
  626 553
  583 486
  540 485
  596 537
  625 578
  623 550
  576 495
  547 496
  598 539
  626 571
  625 548
  593 491
  548 494
  596 545
  626 574
  625 543
  589 497
  525 491
  598 544
  622 583
  623 552
  570 491
  550 486
  601 549
  621 590
  623 576
  558 506
  548 503
  613 568
  622 601
  620 573
  563 506
  567 509
  621 574
  624 594
  624 569
  564 503
  564 522
  621 590
  623 600
  618 572
  557 513
  571 519
  622 588
  628 603
  620 577
  560 513
  571 511
  618 589
  626 608
  624 589
  578 533
  568 493
  614 580
  624 605
  620 589
  562 533
  521 506
  590 572
  623 601
  622 590
  592 522
  526 497
  575 557
  618 599
  623 593
  603 531
  532 457
  570 518
  620 585
  622 595
  607 549
  552 476
  577 494
  621 575
  622 593
  591 551
  538 470
  599 490
  622 566
  626 591
  583 549
  548 486
  614 504
  622 565
  618 584
  533 530
  551 466
  613 491
  622 546
  606 577
  548 538
  586 462
  622 475
  624 537
  597 577
  535 552
  584 478
  626 452
  626 519
  594 569
  539 570
  586 507
  626 476
  628 518
  587 572
  543 565
  588 503
  622 494
  626 534
  602 571
  550 546
  586 493
  627 491
  626 539
  599 573
  522 552
  589 499
  622 492
  623 541
  565 581
  550 558
  603 495
  623 485
  626 536
  565 586
  540 582
  608 525
  622 493
  624 550
  576 599
  557 581
  615 516
  626 499
  625 563
  582 594
  553 582
  615 518
  626 501
  622 575
  565 601
  566 578
  620 520
  628 511
  620 585
  561 601
  571 582
  620 518
  629 505
  622 579
  581 608
  566 595
  610 547
  624 490
  620 565
  563 608
  520 599
  577 548
  622 504
  624 557
  612 603
  554 599
  542 540
  611 493
  622 542
  622 595
  566 596
  539 538
  606 454
  621 521
  623 587
  574 593
  552 546
  613 474
  620 494
  619 573
  542 596
  571 556
  619 480
  624 479
  611 562
  549 592
  576 555
  621 491
  619 497
  588 559
  520 585
  587 549
  618 477
  621 476
  577 532
  556 575
  615 547
  623 469
  621 466
  554 529
  550 575
  622 553
  627 477
  614 453
  548 524
  562 572
  621 567
  625 505
  609 476
  550 518
  560 571
  616 572
  628 523
  622 487
  569 513
  559 560
  613 564
  624 514
  622 484
  556 531
  550 570
  617 559
  622 508
  614 485
  539 526
  570 578
  617 565
  625 502
  602 480
  532 540
  575 587
  620 586
  625 529
  605 490
  548 539
  588 589
  625 593
  625 538
  612 493
  549 542
  588 593
  626 591
  626 536
  603 493
  549 554
  600 601
  623 587
  623 535
  588 497
  558 572
  599 606
  627 590
  625 525
  603 505
  559 573
  596 610
  622 593
  620 551
  594 494
  525 548
  553 606
  615 600
  624 559
  623 508
  582 539
  525 599
  582 604
  620 561
  623 500
  606 523
  534 586
  567 597
  621 557
  624 468
  605 495
  551 581
  579 593
  623 550
  620 482
  588 486
  540 575
  602 594
  626 556
  623 482
  583 471
  547 545
  613 588
  620 575
  620 506
  541 482
  546 531
  613 581
  619 574
  616 500
  551 466
  583 515
  618 567
  624 571
  600 496
  535 456
  582 513
  623 572
  626 559
  591 482
  537 451
  591 509
  623 565
  625 575
  581 529
  545 474
  590 508
  622 568
  628 573
  603 520
  551 487
  588 507
  624 550
  629 571
  604 529
  528 483
  576 516
  624 565
  626 569
  581 524
  545 487
  596 513
  620 572
  627 576
  571 516
  539 479
  604 522
  625 580
  624 590
  572 540
  556 490
  615 533
  624 590
  627 598
  581 542
  555 493
  616 534
  627 590
  620 592
  567 555
  565 499
  623 533
  625 598
  621 593
  563 551
  570 499
  616 546
  627 601
  624 595
  581 551
  567 503
  614 548
  620 608
  621 601
  558 563
  524 499
  595 536
  623 602
  624 602
  596 566
  529 511
  569 531
  619 596
  624 603
  613 572
  541 506
  558 512
  618 578
  623 601
  615 572
  555 479
  568 480
  621 571
  621 595
  596 578
  537 509
  596 469
  621 547
  622 595
  587 577
  548 500
  611 464
  620 533
  617 587
  537 579
  550 515
  614 483
  621 531
  608 584
  551 571
  586 499
  622 464
  624 505
  603 558
  536 573
  584 513
  626 455
  625 490
  591 555
  539 577
  591 529
  624 455
  628 476
  584 549
  546 577
  589 541
  626 477
  629 494
  600 550
  548 578
  591 541
  622 492
  628 499
  597 545
  525 571
  582 534
  622 486
  623 502
  583 554
  543 575
  594 539
  622 492
  625 495
  573 553
  535 584
  606 542
  624 485
  621 494
  576 557
  556 593
  617 573
  627 502
  625 508
  576 570
  555 598
  617 572
  623 505
  622 515
  565 582
  566 596
  622 562
  624 506
  619 514
  563 586
  570 600
  619 571
  629 513
  626 517
  583 592
  564 601
  610 578
  624 510
  623 512
  569 589
  520 606
  583 584
  623 529
  623 496
  603 583
  534 607
  559 588
  619 532
  620 507
  613 573
  544 602
  555 595
  617 535
  625 494
  613 547
  558 597
  566 596
  619 543
  623 459
  603 506
  537 582
  584 595
  620 560
  627 485
  595 480
  545 563
  604 594
  620 567
  621 488
  553 472
  539 546
  611 588
  622 567
  616 499
  552 490
  577 549
  622 587
  624 552
  608 477
  538 475
  568 533
  623 573
  623 551
  606 473
  541 464
  571 521
  622 571
  628 564
  600 494
  545 446
  571 504
  622 567
  629 573
  613 516
  553 475
  575 509
  621 569
  628 570
  612 516
  535 487
  569 515
  621 563
  622 566
  595 510
  540 485
  588 532
  619 571
  624 560
  587 510
  532 487
  593 520
  625 575
  624 569
  590 509
  551 478
  603 518
  623 571
  625 593
  594 543
  550 489
  607 534
  625 587
  625 597
  574 550
  561 493
  616 530
  625 590
  623 592
  572 543
  564 494
  615 547
  625 601
  626 590
  590 542
  560 497
  603 564
  621 605
  623 595
  586 539
  520 502
  557 548
  614 605
  624 598
  623 562
  571 500
  529 535
  594 600
  621 605
  622 564
  584 513
  530 530
  591 593
  624 601
  624 563
  590 503
  548 516
  602 582
  622 598
  623 568
  558 478
  554 478
  615 567
  627 595
  619 580
  564 507
  562 467
  621 545
  620 593
  603 581
  522 509
  572 460
  616 520
  620 582
  590 584
  550 524
  605 480
  623 521
  625 578
  578 576
  538 507
  611 463
  626 509
  625 562
  566 571
  545 498
  607 455
  623 504
  620 564
  567 571
  551 506
  605 446
  627 492
  624 561
  585 577
  550 536
  603 478
  626 495
  624 547
  583 577
  530 539
